%Annee Mois Jour Heure Minute Sec debit
% - - - - - - - - - - - - - - -  (L/s)
2011	4	5	9	0	0	1
2011	4	5	9	15	0	1
2011	4	5	9	30	0	1
2011	4	5	9	45	0	1
2011	4	5	10	0	0	1
2011	4	5	10	15	0	1
2011	4	5	10	30	0	1
2011	4	5	10	45	0	1
2011	4	5	11	0	0	1
2011	4	5	11	15	0	1
2011	4	5	11	30	0	1
2011	4	5	11	45	0	1
2011	4	5	12	0	0	1
2011	4	5	12	15	0	1
2011	4	5	12	30	0	1
2011	4	5	12	45	0	1
2011	4	5	13	0	0	1
2011	4	5	13	15	0	1
2011	4	5	13	30	0	1
2011	4	5	13	45	0	1
2011	4	5	14	0	0	1
2011	4	5	14	15	0	1
2011	4	5	14	30	0	1
2011	4	5	14	45	0	1
2011	4	5	15	0	0	1
2011	4	5	15	15	0	1
2011	4	5	15	30	0	1
2011	4	5	15	45	0	1
2011	4	5	16	0	0	1
2011	4	5	16	15	0	1
2011	4	5	16	30	0	1
2011	4	5	16	45	0	1
2011	4	5	17	0	0	1
2011	4	5	17	15	0	1
2011	4	5	17	30	0	1
2011	4	5	17	45	0	1
2011	4	5	18	0	0	1
2011	4	5	18	15	0	1
2011	4	5	18	30	0	1
2011	4	5	18	45	0	1
2011	4	5	19	0	0	1
2011	4	5	19	15	0	1
2011	4	5	19	30	0	1
2011	4	5	19	45	0	1
2011	4	5	20	0	0	1
2011	4	5	20	15	0	1
2011	4	5	20	30	0	1
2011	4	5	20	45	0	1
2011	4	5	21	0	0	1
2011	4	5	21	15	0	1
2011	4	5	21	30	0	1
2011	4	5	21	45	0	1
2011	4	5	22	0	0	1
2011	4	5	22	15	0	1
2011	4	5	22	30	0	1
2011	4	5	22	45	0	1
2011	4	5	23	0	0	1
2011	4	5	23	15	0	1
2011	4	5	23	30	0	1
2011	4	5	23	45	0	1
2011	4	6	0	0	0	1
2011	4	6	0	15	0	1
2011	4	6	0	30	0	1
2011	4	6	0	45	0	1
2011	4	6	1	0	0	1
2011	4	6	1	15	0	1
2011	4	6	1	30	0	1
2011	4	6	1	45	0	1
2011	4	6	2	0	0	1
2011	4	6	2	15	0	1
2011	4	6	2	30	0	1
2011	4	6	2	45	0	1
2011	4	6	3	0	0	1
2011	4	6	3	15	0	1
2011	4	6	3	30	0	1
2011	4	6	3	45	0	1
2011	4	6	4	0	0	1
2011	4	6	4	15	0	1
2011	4	6	4	30	0	1
2011	4	6	4	45	0	1
2011	4	6	5	0	0	1
2011	4	6	5	15	0	1
2011	4	6	5	30	0	1
2011	4	6	5	45	0	1
2011	4	6	6	0	0	1
2011	4	6	6	15	0	1
2011	4	6	6	30	0	1
2011	4	6	6	45	0	1
2011	4	6	7	0	0	1
2011	4	6	7	15	0	1
2011	4	6	7	30	0	1
2011	4	6	7	45	0	1
2011	4	6	8	0	0	1
2011	4	6	8	15	0	1
2011	4	6	8	30	0	1
2011	4	6	8	45	0	1
2011	4	6	9	0	0	1
2011	4	6	9	15	0	1
2011	4	6	9	30	0	1
2011	4	6	9	45	0	1
2011	4	6	10	0	0	1
2011	4	6	10	15	0	1
2011	4	6	10	30	0	1
2011	4	6	10	45	0	1
2011	4	6	11	0	0	1
2011	4	6	11	15	0	1
2011	4	6	11	30	0	1
2011	4	6	11	45	0	1
2011	4	6	12	0	0	1
2011	4	6	12	15	0	1
2011	4	6	12	30	0	1
2011	4	6	12	45	0	1
2011	4	6	13	0	0	1
2011	4	6	13	15	0	1
2011	4	6	13	30	0	1
2011	4	6	13	45	0	1
2011	4	6	14	0	0	1
2011	4	6	14	15	0	1
2011	4	6	14	30	0	1
2011	4	6	14	45	0	1
2011	4	6	15	0	0	1
2011	4	6	15	15	0	1
2011	4	6	15	30	0	1
2011	4	6	15	45	0	1
2011	4	6	16	0	0	1
2011	4	6	16	15	0	1
2011	4	6	16	30	0	1
2011	4	6	16	45	0	1
2011	4	6	17	0	0	1
2011	4	6	17	15	0	1
2011	4	6	17	30	0	1
2011	4	6	17	45	0	1
2011	4	6	18	0	0	1
2011	4	6	18	15	0	1
2011	4	6	18	30	0	1
2011	4	6	18	45	0	1
2011	4	6	19	0	0	1
2011	4	6	19	15	0	1
2011	4	6	19	30	0	1
2011	4	6	19	45	0	1
2011	4	6	20	0	0	1
2011	4	6	20	15	0	1
2011	4	6	20	30	0	1
2011	4	6	20	45	0	1
2011	4	6	21	0	0	1
2011	4	6	21	15	0	1
2011	4	6	21	30	0	1
2011	4	6	21	45	0	1
2011	4	6	22	0	0	1
2011	4	6	22	15	0	1
2011	4	6	22	30	0	1
2011	4	6	22	45	0	1
2011	4	6	23	0	0	1
2011	4	6	23	15	0	1
2011	4	6	23	30	0	1
2011	4	6	23	45	0	1
2011	4	7	0	0	0	1
2011	4	7	0	15	0	1
2011	4	7	0	30	0	1
2011	4	7	0	45	0	1
2011	4	7	1	0	0	1
2011	4	7	1	15	0	1
2011	4	7	1	30	0	1
2011	4	7	1	45	0	1
2011	4	7	2	0	0	1
2011	4	7	2	15	0	1
2011	4	7	2	30	0	1
2011	4	7	2	45	0	1
2011	4	7	3	0	0	1
2011	4	7	3	15	0	1
2011	4	7	3	30	0	1
2011	4	7	3	45	0	1
2011	4	7	4	0	0	1
2011	4	7	4	15	0	1
2011	4	7	4	30	0	1
2011	4	7	4	45	0	1
2011	4	7	5	0	0	1
2011	4	7	5	15	0	1
2011	4	7	5	30	0	1
2011	4	7	5	45	0	1
2011	4	7	6	0	0	1
2011	4	7	6	15	0	1
2011	4	7	6	30	0	1
2011	4	7	6	45	0	1
2011	4	7	7	0	0	1
2011	4	7	7	15	0	1
2011	4	7	7	30	0	1
2011	4	7	7	45	0	1
2011	4	7	8	0	0	1
2011	4	7	8	15	0	1
2011	4	7	8	30	0	1
2011	4	7	8	45	0	1
2011	4	7	9	0	0	1
2011	4	7	9	15	0	1
2011	4	7	9	30	0	1
2011	4	7	9	45	0	1
2011	4	7	10	0	0	1
2011	4	7	10	15	0	1
2011	4	7	10	30	0	1
2011	4	7	10	45	0	1
2011	4	7	11	0	0	1
2011	4	7	11	15	0	1
2011	4	7	11	30	0	1
2011	4	7	11	45	0	1
2011	4	7	12	0	0	1
2011	4	7	12	15	0	1
2011	4	7	12	30	0	1
2011	4	7	12	45	0	1
2011	4	7	13	0	0	1
2011	4	7	13	15	0	1
2011	4	7	13	30	0	1
2011	4	7	13	45	0	1
2011	4	7	14	0	0	1
2011	4	7	14	15	0	1
2011	4	7	14	30	0	1
2011	4	7	14	45	0	1
2011	4	7	15	0	0	1
2011	4	7	15	15	0	1
2011	4	7	15	30	0	1
2011	4	7	15	45	0	1
2011	4	7	16	0	0	1
2011	4	7	16	15	0	1
2011	4	7	16	30	0	1
2011	4	7	16	45	0	1
2011	4	7	17	0	0	1
2011	4	7	17	15	0	1
2011	4	7	17	30	0	1
2011	4	7	17	45	0	1
2011	4	7	18	0	0	1
2011	4	7	18	15	0	1
2011	4	7	18	30	0	1
2011	4	7	18	45	0	1
2011	4	7	19	0	0	1
2011	4	7	19	15	0	1
2011	4	7	19	30	0	1
2011	4	7	19	45	0	1
2011	4	7	20	0	0	1
2011	4	7	20	15	0	1
2011	4	7	20	30	0	1
2011	4	7	20	45	0	1
2011	4	7	21	0	0	1
2011	4	7	21	15	0	1
2011	4	7	21	30	0	1
2011	4	7	21	45	0	1
2011	4	7	22	0	0	1
2011	4	7	22	15	0	1
2011	4	7	22	30	0	1
2011	4	7	22	45	0	1
2011	4	7	23	0	0	1
2011	4	7	23	15	0	1
2011	4	7	23	30	0	1
2011	4	7	23	45	0	1
2011	4	8	0	0	0	1
2011	4	8	0	15	0	1
2011	4	8	0	30	0	1
2011	4	8	0	45	0	1
2011	4	8	1	0	0	1
2011	4	8	1	15	0	1
2011	4	8	1	30	0	1
2011	4	8	1	45	0	1
2011	4	8	2	0	0	1
2011	4	8	2	15	0	1
2011	4	8	2	30	0	1
2011	4	8	2	45	0	1
2011	4	8	3	0	0	1
2011	4	8	3	15	0	1
2011	4	8	3	30	0	1
2011	4	8	3	45	0	1
2011	4	8	4	0	0	1
2011	4	8	4	15	0	1
2011	4	8	4	30	0	1
2011	4	8	4	45	0	1
2011	4	8	5	0	0	1
2011	4	8	5	15	0	1
2011	4	8	5	30	0	1
2011	4	8	5	45	0	1
2011	4	8	6	0	0	1
2011	4	8	6	15	0	1
2011	4	8	6	30	0	1
2011	4	8	6	45	0	1
2011	4	8	7	0	0	1
2011	4	8	7	15	0	1
2011	4	8	7	30	0	1
2011	4	8	7	45	0	1
2011	4	8	8	0	0	1
2011	4	8	8	15	0	1
2011	4	8	8	30	0	1
2011	4	8	8	45	0	1
2011	4	8	9	0	0	1
2011	4	8	9	15	0	1
2011	4	8	9	30	0	1
2011	4	8	9	45	0	1
2011	4	8	10	0	0	1
2011	4	8	10	15	0	1
2011	4	8	10	30	0	1
2011	4	8	10	45	0	1
2011	4	8	11	0	0	1
2011	4	8	11	15	0	1
2011	4	8	11	30	0	1
2011	4	8	11	45	0	1
2011	4	8	12	0	0	1
2011	4	8	12	15	0	1
2011	4	8	12	30	0	1
2011	4	8	12	45	0	1
2011	4	8	13	0	0	1
2011	4	8	13	15	0	1
2011	4	8	13	30	0	1
2011	4	8	13	45	0	1
2011	4	8	14	0	0	1
2011	4	8	14	15	0	1
2011	4	8	14	30	0	1
2011	4	8	14	45	0	1
2011	4	8	15	0	0	1
2011	4	8	15	15	0	1
2011	4	8	15	30	0	1
2011	4	8	15	45	0	1
2011	4	8	16	0	0	1
2011	4	8	16	15	0	1
2011	4	8	16	30	0	1
2011	4	8	16	45	0	1
2011	4	8	17	0	0	1
2011	4	8	17	15	0	1
2011	4	8	17	30	0	1
2011	4	8	17	45	0	1
2011	4	8	18	0	0	1
2011	4	8	18	15	0	1
2011	4	8	18	30	0	1
2011	4	8	18	45	0	1
2011	4	8	19	0	0	1
2011	4	8	19	15	0	1
2011	4	8	19	30	0	1
2011	4	8	19	45	0	1
2011	4	8	20	0	0	1
2011	4	8	20	15	0	1
2011	4	8	20	30	0	1
2011	4	8	20	45	0	1
2011	4	8	21	0	0	1
2011	4	8	21	15	0	1
2011	4	8	21	30	0	1
2011	4	8	21	45	0	1
2011	4	8	22	0	0	1
2011	4	8	22	15	0	1
2011	4	8	22	30	0	1
2011	4	8	22	45	0	1
2011	4	8	23	0	0	1
2011	4	8	23	15	0	1
2011	4	8	23	30	0	1
2011	4	8	23	45	0	1
2011	4	9	0	0	0	1
2011	4	9	0	15	0	1
2011	4	9	0	30	0	1
2011	4	9	0	45	0	1
2011	4	9	1	0	0	1
2011	4	9	1	15	0	1
2011	4	9	1	30	0	1
2011	4	9	1	45	0	1
2011	4	9	2	0	0	1
2011	4	9	2	15	0	1
2011	4	9	2	30	0	1
2011	4	9	2	45	0	1
2011	4	9	3	0	0	1
2011	4	9	3	15	0	1
2011	4	9	3	30	0	1
2011	4	9	3	45	0	1
2011	4	9	4	0	0	1
2011	4	9	4	15	0	1
2011	4	9	4	30	0	1
2011	4	9	4	45	0	1
2011	4	9	5	0	0	1
2011	4	9	5	15	0	1
2011	4	9	5	30	0	1
2011	4	9	5	45	0	1
2011	4	9	6	0	0	1
2011	4	9	6	15	0	1
2011	4	9	6	30	0	1
2011	4	9	6	45	0	1
2011	4	9	7	0	0	1
2011	4	9	7	15	0	1
2011	4	9	7	30	0	1
2011	4	9	7	45	0	1
2011	4	9	8	0	0	1
2011	4	9	8	15	0	1
2011	4	9	8	30	0	1
2011	4	9	8	45	0	1
2011	4	9	9	0	0	1
2011	4	9	9	15	0	1
2011	4	9	9	30	0	1
2011	4	9	9	45	0	1
2011	4	9	10	0	0	1
2011	4	9	10	15	0	1
2011	4	9	10	30	0	1
2011	4	9	10	45	0	1
2011	4	9	11	0	0	1
2011	4	9	11	15	0	1
2011	4	9	11	30	0	1
2011	4	9	11	45	0	1
2011	4	9	12	0	0	1
2011	4	9	12	15	0	1
2011	4	9	12	30	0	1
2011	4	9	12	45	0	1
2011	4	9	13	0	0	1
2011	4	9	13	15	0	1
2011	4	9	13	30	0	1
2011	4	9	13	45	0	1
2011	4	9	14	0	0	1
2011	4	9	14	15	0	1
2011	4	9	14	30	0	1
2011	4	9	14	45	0	1
2011	4	9	15	0	0	1
2011	4	9	15	15	0	1
2011	4	9	15	30	0	1
2011	4	9	15	45	0	1
2011	4	9	16	0	0	1
2011	4	9	16	15	0	1
2011	4	9	16	30	0	1
2011	4	9	16	45	0	1
2011	4	9	17	0	0	1
2011	4	9	17	15	0	1
2011	4	9	17	30	0	1
2011	4	9	17	45	0	1
2011	4	9	18	0	0	1
2011	4	9	18	15	0	1
2011	4	9	18	30	0	1
2011	4	9	18	45	0	1
2011	4	9	19	0	0	1
2011	4	9	19	15	0	1
2011	4	9	19	30	0	1
2011	4	9	19	45	0	1
2011	4	9	20	0	0	1
2011	4	9	20	15	0	1
2011	4	9	20	30	0	1
2011	4	9	20	45	0	1
2011	4	9	21	0	0	1
2011	4	9	21	15	0	1
2011	4	9	21	30	0	1
2011	4	9	21	45	0	1
2011	4	9	22	0	0	1
2011	4	9	22	15	0	1
2011	4	9	22	30	0	1
2011	4	9	22	45	0	1
2011	4	9	23	0	0	1
2011	4	9	23	15	0	1
2011	4	9	23	30	0	1
2011	4	9	23	45	0	1
2011	4	10	0	0	0	1
2011	4	10	0	15	0	1
2011	4	10	0	30	0	1
2011	4	10	0	45	0	1
2011	4	10	1	0	0	1
2011	4	10	1	15	0	1
2011	4	10	1	30	0	1
2011	4	10	1	45	0	1
2011	4	10	2	0	0	1
2011	4	10	2	15	0	1
2011	4	10	2	30	0	1
2011	4	10	2	45	0	1
2011	4	10	3	0	0	1
2011	4	10	3	15	0	1
2011	4	10	3	30	0	1
2011	4	10	3	45	0	1
2011	4	10	4	0	0	1
2011	4	10	4	15	0	1
2011	4	10	4	30	0	1
2011	4	10	4	45	0	1
2011	4	10	5	0	0	1
2011	4	10	5	15	0	1
2011	4	10	5	30	0	1
2011	4	10	5	45	0	1
2011	4	10	6	0	0	1
2011	4	10	6	15	0	1
2011	4	10	6	30	0	1
2011	4	10	6	45	0	1
2011	4	10	7	0	0	1
2011	4	10	7	15	0	1
2011	4	10	7	30	0	1
2011	4	10	7	45	0	1
2011	4	10	8	0	0	1
2011	4	10	8	15	0	1
2011	4	10	8	30	0	1
2011	4	10	8	45	0	1
2011	4	10	9	0	0	1
2011	4	10	9	15	0	1
2011	4	10	9	30	0	1
2011	4	10	9	45	0	1
2011	4	10	10	0	0	1
2011	4	10	10	15	0	1
2011	4	10	10	30	0	1
2011	4	10	10	45	0	1
2011	4	10	11	0	0	1
2011	4	10	11	15	0	1
2011	4	10	11	30	0	1
2011	4	10	11	45	0	1
2011	4	10	12	0	0	1
2011	4	10	12	15	0	1
2011	4	10	12	30	0	1
2011	4	10	12	45	0	1
2011	4	10	13	0	0	1
2011	4	10	13	15	0	1
2011	4	10	13	30	0	1
2011	4	10	13	45	0	1
2011	4	10	14	0	0	1
2011	4	10	14	15	0	1
2011	4	10	14	30	0	1
2011	4	10	14	45	0	1
2011	4	10	15	0	0	1
2011	4	10	15	15	0	1
2011	4	10	15	30	0	1
2011	4	10	15	45	0	1
2011	4	10	16	0	0	1
2011	4	10	16	15	0	1
2011	4	10	16	30	0	1
2011	4	10	16	45	0	1
2011	4	10	17	0	0	1
2011	4	10	17	15	0	1
2011	4	10	17	30	0	1
2011	4	10	17	45	0	1
2011	4	10	18	0	0	1
2011	4	10	18	15	0	1
2011	4	10	18	30	0	1
2011	4	10	18	45	0	1
2011	4	10	19	0	0	1
2011	4	10	19	15	0	1
2011	4	10	19	30	0	1
2011	4	10	19	45	0	1
2011	4	10	20	0	0	1
2011	4	10	20	15	0	1
2011	4	10	20	30	0	1
2011	4	10	20	45	0	1
2011	4	10	21	0	0	1
2011	4	10	21	15	0	1
2011	4	10	21	30	0	1
2011	4	10	21	45	0	1
2011	4	10	22	0	0	1
2011	4	10	22	15	0	1
2011	4	10	22	30	0	1
2011	4	10	22	45	0	1
2011	4	10	23	0	0	1
2011	4	10	23	15	0	1
2011	4	10	23	30	0	1
2011	4	10	23	45	0	1
2011	4	11	0	0	0	1
2011	4	11	0	15	0	1
2011	4	11	0	30	0	1
2011	4	11	0	45	0	1
2011	4	11	1	0	0	1
2011	4	11	1	15	0	1
2011	4	11	1	30	0	1
2011	4	11	1	45	0	1
2011	4	11	2	0	0	1
2011	4	11	2	15	0	1
2011	4	11	2	30	0	1
2011	4	11	2	45	0	1
2011	4	11	3	0	0	1
2011	4	11	3	15	0	1
2011	4	11	3	30	0	1
2011	4	11	3	45	0	1
2011	4	11	4	0	0	1
2011	4	11	4	15	0	1
2011	4	11	4	30	0	1
2011	4	11	4	45	0	1
2011	4	11	5	0	0	1
2011	4	11	5	15	0	1
2011	4	11	5	30	0	1
2011	4	11	5	45	0	1
2011	4	11	6	0	0	1
2011	4	11	6	15	0	1
2011	4	11	6	30	0	1
2011	4	11	6	45	0	1
2011	4	11	7	0	0	1
2011	4	11	7	15	0	1
2011	4	11	7	30	0	1
2011	4	11	7	45	0	1
2011	4	11	8	0	0	1
2011	4	11	8	15	0	1
2011	4	11	8	30	0	1
2011	4	11	8	45	0	1
2011	4	11	9	0	0	1
2011	4	11	9	15	0	1
2011	4	11	9	30	0	1
2011	4	11	9	45	0	1
2011	4	11	10	0	0	1
2011	4	11	10	15	0	1
2011	4	11	10	30	0	1
2011	4	11	10	45	0	1
2011	4	11	11	0	0	1
2011	4	11	11	15	0	1
2011	4	11	11	30	0	1
2011	4	11	11	45	0	1
2011	4	11	12	0	0	1
2011	4	11	12	15	0	1
2011	4	11	12	30	0	1
2011	4	11	12	45	0	1
2011	4	11	13	0	0	1
2011	4	11	13	15	0	1
2011	4	11	13	30	0	1
2011	4	11	13	45	0	1
2011	4	11	14	0	0	1
2011	4	11	14	15	0	1
2011	4	11	14	30	0	1
2011	4	11	14	45	0	1
2011	4	11	15	0	0	1
2011	4	11	15	15	0	1
2011	4	11	15	30	0	1
2011	4	11	15	45	0	1
2011	4	11	16	0	0	1
2011	4	11	16	15	0	1
2011	4	11	16	30	0	1
2011	4	11	16	45	0	1
2011	4	11	17	0	0	1
2011	4	11	17	15	0	1
2011	4	11	17	30	0	1
2011	4	11	17	45	0	1
2011	4	11	18	0	0	1
2011	4	11	18	15	0	1
2011	4	11	18	30	0	1
2011	4	11	18	45	0	1
2011	4	11	19	0	0	1
2011	4	11	19	15	0	1
2011	4	11	19	30	0	1
2011	4	11	19	45	0	1
2011	4	11	20	0	0	1
2011	4	11	20	15	0	1
2011	4	11	20	30	0	1
2011	4	11	20	45	0	1
2011	4	11	21	0	0	1
2011	4	11	21	15	0	1
2011	4	11	21	30	0	1
2011	4	11	21	45	0	1
2011	4	11	22	0	0	1
2011	4	11	22	15	0	1
2011	4	11	22	30	0	1
2011	4	11	22	45	0	1
2011	4	11	23	0	0	1
2011	4	11	23	15	0	1
2011	4	11	23	30	0	1
2011	4	11	23	45	0	1
2011	4	12	0	0	0	1
2011	4	12	0	15	0	1
2011	4	12	0	30	0	1
2011	4	12	0	45	0	1
2011	4	12	1	0	0	1
2011	4	12	1	15	0	1
2011	4	12	1	30	0	1
2011	4	12	1	45	0	1
2011	4	12	2	0	0	1
2011	4	12	2	15	0	1
2011	4	12	2	30	0	1
2011	4	12	2	45	0	1
2011	4	12	3	0	0	1
2011	4	12	3	15	0	1
2011	4	12	3	30	0	1
2011	4	12	3	45	0	1
2011	4	12	4	0	0	1
2011	4	12	4	15	0	1
2011	4	12	4	30	0	1
2011	4	12	4	45	0	1
2011	4	12	5	0	0	1
2011	4	12	5	15	0	1
2011	4	12	5	30	0	1
2011	4	12	5	45	0	1
2011	4	12	6	0	0	1
2011	4	12	6	15	0	1
2011	4	12	6	30	0	1
2011	4	12	6	45	0	1
2011	4	12	7	0	0	1
2011	4	12	7	15	0	1
2011	4	12	7	30	0	1
2011	4	12	7	45	0	1
2011	4	12	8	0	0	1
2011	4	12	8	15	0	1
2011	4	12	8	30	0	1
2011	4	12	8	45	0	1
2011	4	12	9	0	0	1
2011	4	12	9	15	0	1
2011	4	12	9	30	0	1
2011	4	12	9	45	0	1
2011	4	12	10	0	0	1
2011	4	12	10	15	0	1
2011	4	12	10	30	0	1
2011	4	12	10	45	0	1
2011	4	12	11	0	0	1
2011	4	12	11	15	0	1
2011	4	12	11	30	0	1
2011	4	12	11	45	0	1
2011	4	12	12	0	0	1
2011	4	12	12	15	0	1
2011	4	12	12	30	0	1
2011	4	12	12	45	0	1
2011	4	12	13	0	0	1
2011	4	12	13	15	0	1
2011	4	12	13	30	0	1
2011	4	12	13	45	0	1
2011	4	12	14	0	0	1
2011	4	12	14	15	0	1
2011	4	12	14	30	0	1
2011	4	12	14	45	0	1
2011	4	12	15	0	0	1
2011	4	12	15	15	0	1
2011	4	12	15	30	0	1
2011	4	12	15	45	0	1
2011	4	12	16	0	0	1
2011	4	12	16	15	0	1
2011	4	12	16	30	0	1
2011	4	12	16	45	0	1
2011	4	12	17	0	0	1
2011	4	12	17	15	0	1
2011	4	12	17	30	0	1
2011	4	12	17	45	0	1
2011	4	12	18	0	0	1
2011	4	12	18	15	0	1
2011	4	12	18	30	0	1
2011	4	12	18	45	0	1
2011	4	12	19	0	0	1
2011	4	12	19	15	0	1
2011	4	12	19	30	0	1
2011	4	12	19	45	0	1
2011	4	12	20	0	0	1
2011	4	12	20	15	0	1
2011	4	12	20	30	0	1
2011	4	12	20	45	0	1
2011	4	12	21	0	0	1
2011	4	12	21	15	0	1
2011	4	12	21	30	0	1
2011	4	12	21	45	0	1
2011	4	12	22	0	0	1
2011	4	12	22	15	0	1
2011	4	12	22	30	0	1
2011	4	12	22	45	0	1
2011	4	12	23	0	0	1
2011	4	12	23	15	0	1
2011	4	12	23	30	0	1
2011	4	12	23	45	0	1
2011	4	13	0	0	0	1
2011	4	13	0	15	0	1
2011	4	13	0	30	0	1
2011	4	13	0	45	0	1
2011	4	13	1	0	0	1
2011	4	13	1	15	0	1
2011	4	13	1	30	0	1
2011	4	13	1	45	0	1
2011	4	13	2	0	0	1
2011	4	13	2	15	0	1
2011	4	13	2	30	0	1
2011	4	13	2	45	0	1
2011	4	13	3	0	0	1
2011	4	13	3	15	0	1
2011	4	13	3	30	0	1
2011	4	13	3	45	0	1
2011	4	13	4	0	0	1
2011	4	13	4	15	0	1
2011	4	13	4	30	0	1
2011	4	13	4	45	0	1
2011	4	13	5	0	0	1
2011	4	13	5	15	0	1
2011	4	13	5	30	0	1
2011	4	13	5	45	0	1
2011	4	13	6	0	0	1
2011	4	13	6	15	0	1
2011	4	13	6	30	0	1
2011	4	13	6	45	0	1
2011	4	13	7	0	0	1
2011	4	13	7	15	0	1
2011	4	13	7	30	0	1
2011	4	13	7	45	0	1
2011	4	13	8	0	0	1
2011	4	13	8	15	0	1
2011	4	13	8	30	0	1
2011	4	13	8	45	0	1
2011	4	13	9	0	0	1
2011	4	13	9	15	0	1
2011	4	13	9	30	0	1
2011	4	13	9	45	0	1
2011	4	13	10	0	0	1
2011	4	13	10	15	0	1
2011	4	13	10	30	0	1
2011	4	13	10	45	0	1
2011	4	13	11	0	0	1
2011	4	13	11	15	0	1
2011	4	13	11	30	0	1
2011	4	13	11	45	0	1
2011	4	13	12	0	0	1
2011	4	13	12	15	0	1
2011	4	13	12	30	0	1
2011	4	13	12	45	0	1
2011	4	13	13	0	0	1
2011	4	13	13	15	0	1
2011	4	13	13	30	0	1
2011	4	13	13	45	0	1
2011	4	13	14	0	0	1
2011	4	13	14	15	0	1
2011	4	13	14	30	0	1
2011	4	13	14	45	0	1
2011	4	13	15	0	0	1
2011	4	13	15	15	0	1
2011	4	13	15	30	0	1
2011	4	13	15	45	0	1
2011	4	13	16	0	0	1
2011	4	13	16	15	0	1
2011	4	13	16	30	0	1
2011	4	13	16	45	0	1
2011	4	13	17	0	0	1
2011	4	13	17	15	0	1
2011	4	13	17	30	0	1
2011	4	13	17	45	0	1
2011	4	13	18	0	0	1
2011	4	13	18	15	0	1
2011	4	13	18	30	0	1
2011	4	13	18	45	0	1
2011	4	13	19	0	0	1
2011	4	13	19	15	0	1
2011	4	13	19	30	0	1
2011	4	13	19	45	0	1
2011	4	13	20	0	0	1
2011	4	13	20	15	0	1
2011	4	13	20	30	0	1
2011	4	13	20	45	0	1
2011	4	13	21	0	0	1
2011	4	13	21	15	0	1
2011	4	13	21	30	0	1
2011	4	13	21	45	0	1
2011	4	13	22	0	0	1
2011	4	13	22	15	0	1
2011	4	13	22	30	0	1
2011	4	13	22	45	0	1
2011	4	13	23	0	0	1
2011	4	13	23	15	0	1
2011	4	13	23	30	0	1
2011	4	13	23	45	0	1
2011	4	14	0	0	0	1
2011	4	14	0	15	0	1
2011	4	14	0	30	0	1
2011	4	14	0	45	0	1
2011	4	14	1	0	0	1
2011	4	14	1	15	0	1
2011	4	14	1	30	0	1
2011	4	14	1	45	0	1
2011	4	14	2	0	0	1
2011	4	14	2	15	0	1
2011	4	14	2	30	0	1
2011	4	14	2	45	0	1
2011	4	14	3	0	0	1
2011	4	14	3	15	0	1
2011	4	14	3	30	0	1
2011	4	14	3	45	0	1
2011	4	14	4	0	0	1
2011	4	14	4	15	0	1
2011	4	14	4	30	0	1
2011	4	14	4	45	0	1
2011	4	14	5	0	0	1
2011	4	14	5	15	0	1
2011	4	14	5	30	0	1
2011	4	14	5	45	0	1
2011	4	14	6	0	0	1
2011	4	14	6	15	0	1
2011	4	14	6	30	0	1
2011	4	14	6	45	0	1
2011	4	14	7	0	0	1
2011	4	14	7	15	0	1
2011	4	14	7	30	0	1
2011	4	14	7	45	0	1
2011	4	14	8	0	0	1
2011	4	14	8	15	0	1
2011	4	14	8	30	0	1
2011	4	14	8	45	0	1
2011	4	14	9	0	0	1
2011	4	14	9	15	0	1
2011	4	14	9	30	0	1
2011	4	14	9	45	0	1
2011	4	14	10	0	0	1
2011	4	14	10	15	0	1
2011	4	14	10	30	0	1
2011	4	14	10	45	0	1
2011	4	14	11	0	0	1
2011	4	14	11	15	0	1
2011	4	14	11	30	0	1
2011	4	14	11	45	0	1
2011	4	14	12	0	0	1
2011	4	14	12	15	0	1
2011	4	14	12	30	0	1
2011	4	14	12	45	0	1
2011	4	14	13	0	0	1
2011	4	14	13	15	0	1
2011	4	14	13	30	0	1
2011	4	14	13	45	0	1
2011	4	14	14	0	0	1
2011	4	14	14	15	0	1
2011	4	14	14	30	0	1
2011	4	14	14	45	0	1
2011	4	14	15	0	0	1
2011	4	14	15	15	0	1
2011	4	14	15	30	0	1
2011	4	14	15	45	0	1
2011	4	14	16	0	0	1
2011	4	14	16	15	0	1
2011	4	14	16	30	0	1
2011	4	14	16	45	0	1
2011	4	14	17	0	0	1
2011	4	14	17	15	0	1
2011	4	14	17	30	0	1
2011	4	14	17	45	0	1
2011	4	14	18	0	0	1
2011	4	14	18	15	0	1
2011	4	14	18	30	0	1
2011	4	14	18	45	0	1
2011	4	14	19	0	0	1
2011	4	14	19	15	0	1
2011	4	14	19	30	0	1
2011	4	14	19	45	0	1
2011	4	14	20	0	0	1
2011	4	14	20	15	0	1
2011	4	14	20	30	0	1
2011	4	14	20	45	0	1
2011	4	14	21	0	0	1
2011	4	14	21	15	0	1
2011	4	14	21	30	0	1
2011	4	14	21	45	0	1
2011	4	14	22	0	0	1
2011	4	14	22	15	0	1
2011	4	14	22	30	0	1
2011	4	14	22	45	0	1
2011	4	14	23	0	0	1
2011	4	14	23	15	0	1
2011	4	14	23	30	0	1
2011	4	14	23	45	0	1
2011	4	15	0	0	0	1
2011	4	15	0	15	0	1
2011	4	15	0	30	0	1
2011	4	15	0	45	0	1
2011	4	15	1	0	0	1
2011	4	15	1	15	0	1
2011	4	15	1	30	0	1
2011	4	15	1	45	0	1
2011	4	15	2	0	0	1
2011	4	15	2	15	0	1
2011	4	15	2	30	0	1
2011	4	15	2	45	0	1
2011	4	15	3	0	0	1
2011	4	15	3	15	0	1
2011	4	15	3	30	0	1
2011	4	15	3	45	0	1
2011	4	15	4	0	0	1
2011	4	15	4	15	0	1
2011	4	15	4	30	0	1
2011	4	15	4	45	0	1
2011	4	15	5	0	0	1
2011	4	15	5	15	0	1
2011	4	15	5	30	0	1
2011	4	15	5	45	0	1
2011	4	15	6	0	0	1
2011	4	15	6	15	0	1
2011	4	15	6	30	0	1
2011	4	15	6	45	0	1
2011	4	15	7	0	0	1
2011	4	15	7	15	0	1
2011	4	15	7	30	0	1
2011	4	15	7	45	0	1
2011	4	15	8	0	0	1
2011	4	15	8	15	0	1
2011	4	15	8	30	0	1
2011	4	15	8	45	0	1
2011	4	15	9	0	0	1
2011	4	15	9	15	0	1
2011	4	15	9	30	0	1
2011	4	15	9	45	0	1
2011	4	15	10	0	0	1
2011	4	15	10	15	0	1
2011	4	15	10	30	0	1
2011	4	15	10	45	0	1
2011	4	15	11	0	0	1
2011	4	15	11	15	0	1
2011	4	15	11	30	0	1
2011	4	15	11	45	0	1
2011	4	15	12	0	0	1
2011	4	15	12	15	0	1
2011	4	15	12	30	0	1
2011	4	15	12	45	0	1
2011	4	15	13	0	0	1
2011	4	15	13	15	0	1
2011	4	15	13	30	0	1
2011	4	15	13	45	0	1
2011	4	15	14	0	0	1
2011	4	15	14	15	0	1
2011	4	15	14	30	0	1
2011	4	15	14	45	0	1
2011	4	15	15	0	0	1
2011	4	15	15	15	0	1
2011	4	15	15	30	0	1
2011	4	15	15	45	0	1
2011	4	15	16	0	0	1
2011	4	15	16	15	0	1
2011	4	15	16	30	0	1
2011	4	15	16	45	0	1
2011	4	15	17	0	0	1
2011	4	15	17	15	0	1
2011	4	15	17	30	0	1
2011	4	15	17	45	0	1
2011	4	15	18	0	0	1
2011	4	15	18	15	0	1
2011	4	15	18	30	0	1
2011	4	15	18	45	0	1
2011	4	15	19	0	0	1
2011	4	15	19	15	0	1
2011	4	15	19	30	0	1
2011	4	15	19	45	0	1
2011	4	15	20	0	0	1
2011	4	15	20	15	0	1
2011	4	15	20	30	0	1
2011	4	15	20	45	0	1
2011	4	15	21	0	0	1
2011	4	15	21	15	0	1
2011	4	15	21	30	0	1
2011	4	15	21	45	0	1
2011	4	15	22	0	0	1
2011	4	15	22	15	0	1
2011	4	15	22	30	0	1
2011	4	15	22	45	0	1
2011	4	15	23	0	0	1
2011	4	15	23	15	0	1
2011	4	15	23	30	0	1
2011	4	15	23	45	0	1
2011	4	16	0	0	0	1
2011	4	16	0	15	0	1
2011	4	16	0	30	0	1
2011	4	16	0	45	0	1
2011	4	16	1	0	0	1
2011	4	16	1	15	0	1
2011	4	16	1	30	0	1
2011	4	16	1	45	0	1
2011	4	16	2	0	0	1
2011	4	16	2	15	0	1
2011	4	16	2	30	0	1
2011	4	16	2	45	0	1
2011	4	16	3	0	0	1
2011	4	16	3	15	0	1
2011	4	16	3	30	0	1
2011	4	16	3	45	0	1
2011	4	16	4	0	0	1
2011	4	16	4	15	0	1
2011	4	16	4	30	0	1
2011	4	16	4	45	0	1
2011	4	16	5	0	0	1
2011	4	16	5	15	0	1
2011	4	16	5	30	0	1
2011	4	16	5	45	0	1
2011	4	16	6	0	0	1
2011	4	16	6	15	0	1
2011	4	16	6	30	0	1
2011	4	16	6	45	0	1
2011	4	16	7	0	0	1
2011	4	16	7	15	0	1
2011	4	16	7	30	0	1
2011	4	16	7	45	0	1
2011	4	16	8	0	0	1
2011	4	16	8	15	0	1
2011	4	16	8	30	0	1
2011	4	16	8	45	0	1
2011	4	16	9	0	0	1
2011	4	16	9	15	0	1
2011	4	16	9	30	0	1
2011	4	16	9	45	0	1
2011	4	16	10	0	0	1
2011	4	16	10	15	0	1
2011	4	16	10	30	0	1
2011	4	16	10	45	0	1
2011	4	16	11	0	0	1
2011	4	16	11	15	0	1
2011	4	16	11	30	0	1
2011	4	16	11	45	0	1
2011	4	16	12	0	0	1
2011	4	16	12	15	0	1
2011	4	16	12	30	0	1
2011	4	16	12	45	0	1
2011	4	16	13	0	0	1
2011	4	16	13	15	0	1
2011	4	16	13	30	0	1
2011	4	16	13	45	0	1
2011	4	16	14	0	0	1
2011	4	16	14	15	0	1
2011	4	16	14	30	0	1
2011	4	16	14	45	0	1
2011	4	16	15	0	0	1
2011	4	16	15	15	0	1
2011	4	16	15	30	0	1
2011	4	16	15	45	0	1
2011	4	16	16	0	0	1
2011	4	16	16	15	0	1
2011	4	16	16	30	0	1
2011	4	16	16	45	0	1
2011	4	16	17	0	0	1
2011	4	16	17	15	0	1
2011	4	16	17	30	0	1
2011	4	16	17	45	0	1
2011	4	16	18	0	0	1
2011	4	16	18	15	0	1
2011	4	16	18	30	0	1
2011	4	16	18	45	0	1
2011	4	16	19	0	0	1
2011	4	16	19	15	0	1
2011	4	16	19	30	0	1
2011	4	16	19	45	0	1
2011	4	16	20	0	0	1
2011	4	16	20	15	0	1
2011	4	16	20	30	0	1
2011	4	16	20	45	0	1
2011	4	16	21	0	0	1
2011	4	16	21	15	0	1
2011	4	16	21	30	0	1
2011	4	16	21	45	0	1
2011	4	16	22	0	0	1
2011	4	16	22	15	0	1
2011	4	16	22	30	0	1
2011	4	16	22	45	0	1
2011	4	16	23	0	0	1
2011	4	16	23	15	0	1
2011	4	16	23	30	0	1
2011	4	16	23	45	0	1
2011	4	17	0	0	0	1
2011	4	17	0	15	0	1
2011	4	17	0	30	0	1
2011	4	17	0	45	0	1
2011	4	17	1	0	0	1
2011	4	17	1	15	0	1
2011	4	17	1	30	0	1
2011	4	17	1	45	0	1
2011	4	17	2	0	0	1
2011	4	17	2	15	0	1
2011	4	17	2	30	0	1
2011	4	17	2	45	0	1
2011	4	17	3	0	0	1
2011	4	17	3	15	0	1
2011	4	17	3	30	0	1
2011	4	17	3	45	0	1
2011	4	17	4	0	0	1
2011	4	17	4	15	0	1
2011	4	17	4	30	0	1
2011	4	17	4	45	0	1
2011	4	17	5	0	0	1
2011	4	17	5	15	0	1
2011	4	17	5	30	0	1
2011	4	17	5	45	0	1
2011	4	17	6	0	0	1
2011	4	17	6	15	0	1
2011	4	17	6	30	0	1
2011	4	17	6	45	0	1
2011	4	17	7	0	0	1
2011	4	17	7	15	0	1
2011	4	17	7	30	0	1
2011	4	17	7	45	0	1
2011	4	17	8	0	0	1
2011	4	17	8	15	0	1
2011	4	17	8	30	0	1
2011	4	17	8	45	0	1
2011	4	17	9	0	0	1
2011	4	17	9	15	0	1
2011	4	17	9	30	0	1
2011	4	17	9	45	0	1
2011	4	17	10	0	0	1
2011	4	17	10	15	0	1
2011	4	17	10	30	0	1
2011	4	17	10	45	0	1
2011	4	17	11	0	0	1
2011	4	17	11	15	0	1
2011	4	17	11	30	0	1
2011	4	17	11	45	0	1
2011	4	17	12	0	0	1
2011	4	17	12	15	0	1
2011	4	17	12	30	0	1
2011	4	17	12	45	0	1
2011	4	17	13	0	0	1
2011	4	17	13	15	0	1
2011	4	17	13	30	0	1
2011	4	17	13	45	0	1
2011	4	17	14	0	0	1
2011	4	17	14	15	0	1
2011	4	17	14	30	0	1
2011	4	17	14	45	0	1
2011	4	17	15	0	0	1
2011	4	17	15	15	0	1
2011	4	17	15	30	0	1
2011	4	17	15	45	0	1
2011	4	17	16	0	0	1
2011	4	17	16	15	0	1
2011	4	17	16	30	0	1
2011	4	17	16	45	0	1
2011	4	17	17	0	0	1
2011	4	17	17	15	0	1
2011	4	17	17	30	0	1
2011	4	17	17	45	0	1
2011	4	17	18	0	0	1
2011	4	17	18	15	0	1
2011	4	17	18	30	0	1
2011	4	17	18	45	0	1
2011	4	17	19	0	0	1
2011	4	17	19	15	0	1
2011	4	17	19	30	0	1
2011	4	17	19	45	0	1
2011	4	17	20	0	0	1
2011	4	17	20	15	0	1
2011	4	17	20	30	0	1
2011	4	17	20	45	0	1
2011	4	17	21	0	0	1
2011	4	17	21	15	0	1
2011	4	17	21	30	0	1
2011	4	17	21	45	0	1
2011	4	17	22	0	0	1
2011	4	17	22	15	0	1
2011	4	17	22	30	0	1
2011	4	17	22	45	0	1
2011	4	17	23	0	0	1
2011	4	17	23	15	0	1
2011	4	17	23	30	0	1
2011	4	17	23	45	0	1
2011	4	18	0	0	0	1
2011	4	18	0	15	0	1
2011	4	18	0	30	0	1
2011	4	18	0	45	0	1
2011	4	18	1	0	0	1
2011	4	18	1	15	0	1
2011	4	18	1	30	0	1
2011	4	18	1	45	0	1
2011	4	18	2	0	0	1
2011	4	18	2	15	0	1
2011	4	18	2	30	0	1
2011	4	18	2	45	0	1
2011	4	18	3	0	0	1
2011	4	18	3	15	0	1
2011	4	18	3	30	0	1
2011	4	18	3	45	0	1
2011	4	18	4	0	0	1
2011	4	18	4	15	0	1
2011	4	18	4	30	0	1
2011	4	18	4	45	0	1
2011	4	18	5	0	0	1
2011	4	18	5	15	0	1
2011	4	18	5	30	0	1
2011	4	18	5	45	0	1
2011	4	18	6	0	0	1
2011	4	18	6	15	0	1
2011	4	18	6	30	0	1
2011	4	18	6	45	0	1
2011	4	18	7	0	0	1
2011	4	18	7	15	0	1
2011	4	18	7	30	0	1
2011	4	18	7	45	0	1
2011	4	18	8	0	0	1
2011	4	18	8	15	0	1
2011	4	18	8	30	0	1
2011	4	18	8	45	0	1
2011	4	18	9	0	0	1
2011	4	18	9	15	0	1
2011	4	18	9	30	0	1
2011	4	18	9	45	0	1
2011	4	18	10	0	0	1
2011	4	18	10	15	0	1
2011	4	18	10	30	0	1
2011	4	18	10	45	0	1
2011	4	18	11	0	0	1
2011	4	18	11	15	0	1
2011	4	18	11	30	0	1
2011	4	18	11	45	0	1
2011	4	18	12	0	0	1
2011	4	18	12	15	0	1
2011	4	18	12	30	0	1
2011	4	18	12	45	0	1
2011	4	18	13	0	0	1
2011	4	18	13	15	0	1
2011	4	18	13	30	0	1
2011	4	18	13	45	0	1
2011	4	18	14	0	0	1
2011	4	18	14	15	0	1
2011	4	18	14	30	0	1
2011	4	18	14	45	0	1
2011	4	18	15	0	0	1
2011	4	18	15	15	0	1
2011	4	18	15	30	0	1
2011	4	18	15	45	0	1
2011	4	18	16	0	0	1
2011	4	18	16	15	0	1
2011	4	18	16	30	0	1
2011	4	18	16	45	0	1
2011	4	18	17	0	0	1
2011	4	18	17	15	0	1
2011	4	18	17	30	0	1
2011	4	18	17	45	0	1
2011	4	18	18	0	0	1
2011	4	18	18	15	0	1
2011	4	18	18	30	0	1
2011	4	18	18	45	0	1
2011	4	18	19	0	0	1
2011	4	18	19	15	0	1
2011	4	18	19	30	0	1
2011	4	18	19	45	0	1
2011	4	18	20	0	0	1
2011	4	18	20	15	0	1
2011	4	18	20	30	0	1
2011	4	18	20	45	0	1
2011	4	18	21	0	0	1
2011	4	18	21	15	0	1
2011	4	18	21	30	0	1
2011	4	18	21	45	0	1
2011	4	18	22	0	0	1
2011	4	18	22	15	0	1
2011	4	18	22	30	0	1
2011	4	18	22	45	0	1
2011	4	18	23	0	0	1
2011	4	18	23	15	0	1
2011	4	18	23	30	0	1
2011	4	18	23	45	0	1
2011	4	19	0	0	0	1
2011	4	19	0	15	0	1
2011	4	19	0	30	0	1
2011	4	19	0	45	0	1
2011	4	19	1	0	0	1
2011	4	19	1	15	0	1
2011	4	19	1	30	0	1
2011	4	19	1	45	0	1
2011	4	19	2	0	0	1
2011	4	19	2	15	0	1
2011	4	19	2	30	0	1
2011	4	19	2	45	0	1
2011	4	19	3	0	0	1
2011	4	19	3	15	0	1
2011	4	19	3	30	0	1
2011	4	19	3	45	0	1
2011	4	19	4	0	0	1
2011	4	19	4	15	0	1
2011	4	19	4	30	0	1
2011	4	19	4	45	0	1
2011	4	19	5	0	0	1
2011	4	19	5	15	0	1
2011	4	19	5	30	0	1
2011	4	19	5	45	0	1
2011	4	19	6	0	0	1
2011	4	19	6	15	0	1
2011	4	19	6	30	0	1
2011	4	19	6	45	0	1
2011	4	19	7	0	0	1
2011	4	19	7	15	0	1
2011	4	19	7	30	0	1
2011	4	19	7	45	0	1
2011	4	19	8	0	0	1
2011	4	19	8	15	0	1
2011	4	19	8	30	0	1
2011	4	19	8	45	0	1
2011	4	19	9	0	0	1
2011	4	19	9	15	0	1
2011	4	19	9	30	0	1
2011	4	19	9	45	0	1
2011	4	19	10	0	0	1
2011	4	19	10	15	0	1
2011	4	19	10	30	0	1
2011	4	19	10	45	0	1
2011	4	19	11	0	0	1
2011	4	19	11	15	0	1
2011	4	19	11	30	0	1
2011	4	19	11	45	0	1
2011	4	19	12	0	0	1
2011	4	19	12	15	0	1
2011	4	19	12	30	0	1
2011	4	19	12	45	0	1
2011	4	19	13	0	0	1
2011	4	19	13	15	0	1
2011	4	19	13	30	0	1
2011	4	19	13	45	0	1
2011	4	19	14	0	0	1
2011	4	19	14	15	0	1
2011	4	19	14	30	0	1
2011	4	19	14	45	0	1
2011	4	19	15	0	0	1
2011	4	19	15	15	0	1
2011	4	19	15	30	0	1
2011	4	19	15	45	0	1
2011	4	19	16	0	0	1
2011	4	19	16	15	0	1
2011	4	19	16	30	0	1
2011	4	19	16	45	0	1
2011	4	19	17	0	0	1
2011	4	19	17	15	0	1
2011	4	19	17	30	0	1
2011	4	19	17	45	0	1
2011	4	19	18	0	0	1
2011	4	19	18	15	0	1
2011	4	19	18	30	0	1
2011	4	19	18	45	0	1
2011	4	19	19	0	0	1
2011	4	19	19	15	0	1
2011	4	19	19	30	0	1
2011	4	19	19	45	0	1
2011	4	19	20	0	0	1
2011	4	19	20	15	0	1
2011	4	19	20	30	0	1
2011	4	19	20	45	0	1
2011	4	19	21	0	0	1
2011	4	19	21	15	0	1
2011	4	19	21	30	0	1
2011	4	19	21	45	0	1
2011	4	19	22	0	0	1
2011	4	19	22	15	0	1
2011	4	19	22	30	0	1
2011	4	19	22	45	0	1
2011	4	19	23	0	0	1
2011	4	19	23	15	0	1
2011	4	19	23	30	0	1
2011	4	19	23	45	0	1
2011	4	20	0	0	0	1
2011	4	20	0	15	0	1
2011	4	20	0	30	0	1
2011	4	20	0	45	0	1
2011	4	20	1	0	0	1
2011	4	20	1	15	0	1
2011	4	20	1	30	0	1
2011	4	20	1	45	0	1
2011	4	20	2	0	0	1
2011	4	20	2	15	0	1
2011	4	20	2	30	0	1
2011	4	20	2	45	0	1
2011	4	20	3	0	0	1
2011	4	20	3	15	0	1
2011	4	20	3	30	0	1
2011	4	20	3	45	0	1
2011	4	20	4	0	0	1
2011	4	20	4	15	0	1
2011	4	20	4	30	0	1
2011	4	20	4	45	0	1
2011	4	20	5	0	0	1
2011	4	20	5	15	0	1
2011	4	20	5	30	0	1
2011	4	20	5	45	0	1
2011	4	20	6	0	0	1
2011	4	20	6	15	0	1
2011	4	20	6	30	0	1
2011	4	20	6	45	0	1
2011	4	20	7	0	0	1
2011	4	20	7	15	0	1
2011	4	20	7	30	0	1
2011	4	20	7	45	0	1
2011	4	20	8	0	0	1
2011	4	20	8	15	0	1
2011	4	20	8	30	0	1
2011	4	20	8	45	0	1
2011	4	20	9	0	0	1
2011	4	20	9	15	0	1
2011	4	20	9	30	0	1
2011	4	20	9	45	0	1
2011	4	20	10	0	0	1
2011	4	20	10	15	0	1
2011	4	20	10	30	0	1
2011	4	20	10	45	0	1
2011	4	20	11	0	0	1
2011	4	20	11	15	0	1
2011	4	20	11	30	0	1
2011	4	20	11	45	0	1
2011	4	20	12	0	0	1
2011	4	20	12	15	0	1
2011	4	20	12	30	0	1
2011	4	20	12	45	0	1
2011	4	20	13	0	0	1
2011	4	20	13	15	0	1
2011	4	20	13	30	0	1
2011	4	20	13	45	0	1
2011	4	20	14	0	0	1
2011	4	20	14	15	0	1
2011	4	20	14	30	0	1
2011	4	20	14	45	0	1
2011	4	20	15	0	0	1
2011	4	20	15	15	0	1
2011	4	20	15	30	0	1
2011	4	20	15	45	0	1
2011	4	20	16	0	0	1
2011	4	20	16	15	0	1
2011	4	20	16	30	0	1
2011	4	20	16	45	0	1
2011	4	20	17	0	0	1
2011	4	20	17	15	0	1
2011	4	20	17	30	0	1
2011	4	20	17	45	0	1
2011	4	20	18	0	0	1
2011	4	20	18	15	0	1
2011	4	20	18	30	0	1
2011	4	20	18	45	0	1
2011	4	20	19	0	0	1
2011	4	20	19	15	0	1
2011	4	20	19	30	0	1
2011	4	20	19	45	0	1
2011	4	20	20	0	0	1
2011	4	20	20	15	0	1
2011	4	20	20	30	0	1
2011	4	20	20	45	0	1
2011	4	20	21	0	0	1
2011	4	20	21	15	0	1
2011	4	20	21	30	0	1
2011	4	20	21	45	0	1
2011	4	20	22	0	0	1
2011	4	20	22	15	0	1
2011	4	20	22	30	0	1
2011	4	20	22	45	0	1
2011	4	20	23	0	0	1
2011	4	20	23	15	0	1
2011	4	20	23	30	0	1
2011	4	20	23	45	0	1
2011	4	21	0	0	0	1
2011	4	21	0	15	0	1
2011	4	21	0	30	0	1
2011	4	21	0	45	0	1
2011	4	21	1	0	0	1
2011	4	21	1	15	0	1
2011	4	21	1	30	0	1
2011	4	21	1	45	0	1
2011	4	21	2	0	0	1
2011	4	21	2	15	0	1
2011	4	21	2	30	0	1
2011	4	21	2	45	0	1
2011	4	21	3	0	0	1
2011	4	21	3	15	0	1
2011	4	21	3	30	0	1
2011	4	21	3	45	0	1
2011	4	21	4	0	0	1
2011	4	21	4	15	0	1
2011	4	21	4	30	0	1
2011	4	21	4	45	0	1
2011	4	21	5	0	0	1
2011	4	21	5	15	0	1
2011	4	21	5	30	0	1
2011	4	21	5	45	0	1
2011	4	21	6	0	0	1
2011	4	21	6	15	0	1
2011	4	21	6	30	0	1
2011	4	21	6	45	0	1
2011	4	21	7	0	0	1
2011	4	21	7	15	0	1
2011	4	21	7	30	0	1
2011	4	21	7	45	0	1
2011	4	21	8	0	0	1
2011	4	21	8	15	0	1
2011	4	21	8	30	0	1
2011	4	21	8	45	0	1
2011	4	21	9	0	0	1
2011	4	21	9	15	0	1
2011	4	21	9	30	0	1
2011	4	21	9	45	0	1
2011	4	21	10	0	0	1
2011	4	21	10	15	0	1
2011	4	21	10	30	0	1
2011	4	21	10	45	0	1
2011	4	21	11	0	0	1
2011	4	21	11	15	0	1
2011	4	21	11	30	0	1
2011	4	21	11	45	0	1
2011	4	21	12	0	0	1
2011	4	21	12	15	0	1
2011	4	21	12	30	0	1
2011	4	21	12	45	0	1
2011	4	21	13	0	0	1
2011	4	21	13	15	0	1
2011	4	21	13	30	0	1
2011	4	21	13	45	0	1
2011	4	21	14	0	0	1
2011	4	21	14	15	0	1
2011	4	21	14	30	0	1
2011	4	21	14	45	0	1
2011	4	21	15	0	0	1
2011	4	21	15	15	0	1
2011	4	21	15	30	0	1
2011	4	21	15	45	0	1
2011	4	21	16	0	0	1
2011	4	21	16	15	0	1
2011	4	21	16	30	0	1
2011	4	21	16	45	0	1
2011	4	21	17	0	0	1
2011	4	21	17	15	0	1
2011	4	21	17	30	0	1
2011	4	21	17	45	0	1
2011	4	21	18	0	0	1
2011	4	21	18	15	0	1
2011	4	21	18	30	0	1
2011	4	21	18	45	0	1
2011	4	21	19	0	0	1
2011	4	21	19	15	0	1
2011	4	21	19	30	0	1
2011	4	21	19	45	0	1
2011	4	21	20	0	0	1
2011	4	21	20	15	0	1
2011	4	21	20	30	0	1
2011	4	21	20	45	0	1
2011	4	21	21	0	0	1
2011	4	21	21	15	0	1
2011	4	21	21	30	0	1
2011	4	21	21	45	0	1
2011	4	21	22	0	0	1
2011	4	21	22	15	0	1
2011	4	21	22	30	0	1
2011	4	21	22	45	0	1
2011	4	21	23	0	0	1
2011	4	21	23	15	0	1
2011	4	21	23	30	0	1
2011	4	21	23	45	0	1
2011	4	22	0	0	0	1
2011	4	22	0	15	0	1
2011	4	22	0	30	0	1
2011	4	22	0	45	0	1
2011	4	22	1	0	0	1
2011	4	22	1	15	0	1
2011	4	22	1	30	0	1
2011	4	22	1	45	0	1
2011	4	22	2	0	0	1
2011	4	22	2	15	0	1
2011	4	22	2	30	0	1
2011	4	22	2	45	0	1
2011	4	22	3	0	0	1
2011	4	22	3	15	0	1
2011	4	22	3	30	0	1
2011	4	22	3	45	0	1
2011	4	22	4	0	0	1
2011	4	22	4	15	0	1
2011	4	22	4	30	0	1
2011	4	22	4	45	0	1
2011	4	22	5	0	0	1
2011	4	22	5	15	0	1
2011	4	22	5	30	0	1
2011	4	22	5	45	0	1
2011	4	22	6	0	0	1
2011	4	22	6	15	0	1
2011	4	22	6	30	0	1
2011	4	22	6	45	0	1
2011	4	22	7	0	0	1
2011	4	22	7	15	0	1
2011	4	22	7	30	0	1
2011	4	22	7	45	0	1
2011	4	22	8	0	0	1
2011	4	22	8	15	0	1
2011	4	22	8	30	0	1
2011	4	22	8	45	0	1
2011	4	22	9	0	0	1
2011	4	22	9	15	0	1
2011	4	22	9	30	0	1
2011	4	22	9	45	0	1
2011	4	22	10	0	0	1
2011	4	22	10	15	0	1
2011	4	22	10	30	0	1
2011	4	22	10	45	0	1
2011	4	22	11	0	0	1
2011	4	22	11	15	0	1
2011	4	22	11	30	0	1
2011	4	22	11	45	0	1
2011	4	22	12	0	0	1
2011	4	22	12	15	0	1
2011	4	22	12	30	0	1
2011	4	22	12	45	0	1
2011	4	22	13	0	0	1
2011	4	22	13	15	0	1
2011	4	22	13	30	0	1
2011	4	22	13	45	0	1
2011	4	22	14	0	0	1
2011	4	22	14	15	0	1
2011	4	22	14	30	0	1
2011	4	22	14	45	0	1
2011	4	22	15	0	0	1
2011	4	22	15	15	0	1
2011	4	22	15	30	0	1
2011	4	22	15	45	0	1
2011	4	22	16	0	0	1
2011	4	22	16	15	0	1
2011	4	22	16	30	0	1
2011	4	22	16	45	0	1
2011	4	22	17	0	0	1
2011	4	22	17	15	0	1
2011	4	22	17	30	0	1
2011	4	22	17	45	0	1
2011	4	22	18	0	0	1
2011	4	22	18	15	0	1
2011	4	22	18	30	0	1
2011	4	22	18	45	0	1
2011	4	22	19	0	0	1
2011	4	22	19	15	0	1
2011	4	22	19	30	0	1
2011	4	22	19	45	0	1
2011	4	22	20	0	0	1
2011	4	22	20	15	0	1
2011	4	22	20	30	0	1
2011	4	22	20	45	0	1
2011	4	22	21	0	0	1
2011	4	22	21	15	0	1
2011	4	22	21	30	0	1
2011	4	22	21	45	0	1
2011	4	22	22	0	0	1
2011	4	22	22	15	0	1
2011	4	22	22	30	0	1
2011	4	22	22	45	0	1
2011	4	22	23	0	0	1
2011	4	22	23	15	0	1
2011	4	22	23	30	0	1
2011	4	22	23	45	0	1
2011	4	23	0	0	0	1
2011	4	23	0	15	0	1
2011	4	23	0	30	0	1
2011	4	23	0	45	0	1
2011	4	23	1	0	0	1
2011	4	23	1	15	0	1
2011	4	23	1	30	0	1
2011	4	23	1	45	0	1
2011	4	23	2	0	0	1
2011	4	23	2	15	0	1
2011	4	23	2	30	0	1
2011	4	23	2	45	0	1
2011	4	23	3	0	0	1
2011	4	23	3	15	0	1
2011	4	23	3	30	0	1
2011	4	23	3	45	0	1
2011	4	23	4	0	0	1
2011	4	23	4	15	0	1
2011	4	23	4	30	0	1
2011	4	23	4	45	0	1
2011	4	23	5	0	0	1
2011	4	23	5	15	0	1
2011	4	23	5	30	0	1
2011	4	23	5	45	0	1
2011	4	23	6	0	0	1
2011	4	23	6	15	0	1
2011	4	23	6	30	0	1
2011	4	23	6	45	0	1
2011	4	23	7	0	0	1
2011	4	23	7	15	0	1
2011	4	23	7	30	0	1
2011	4	23	7	45	0	1
2011	4	23	8	0	0	1
2011	4	23	8	15	0	1
2011	4	23	8	30	0	1
2011	4	23	8	45	0	1
2011	4	23	9	0	0	1
2011	4	23	9	15	0	1
2011	4	23	9	30	0	1
2011	4	23	9	45	0	1
2011	4	23	10	0	0	1
2011	4	23	10	15	0	1
2011	4	23	10	30	0	1
2011	4	23	10	45	0	1
2011	4	23	11	0	0	1
2011	4	23	11	15	0	1
2011	4	23	11	30	0	1
2011	4	23	11	45	0	1
2011	4	23	12	0	0	1
2011	4	23	12	15	0	1
2011	4	23	12	30	0	1
2011	4	23	12	45	0	1
2011	4	23	13	0	0	1
2011	4	23	13	15	0	1
2011	4	23	13	30	0	1
2011	4	23	13	45	0	1
2011	4	23	14	0	0	1
2011	4	23	14	15	0	1
2011	4	23	14	30	0	1
2011	4	23	14	45	0	1
2011	4	23	15	0	0	1
2011	4	23	15	15	0	1
2011	4	23	15	30	0	1
2011	4	23	15	45	0	1
2011	4	23	16	0	0	1
2011	4	23	16	15	0	1
2011	4	23	16	30	0	1
2011	4	23	16	45	0	1
2011	4	23	17	0	0	1
2011	4	23	17	15	0	1
2011	4	23	17	30	0	1
2011	4	23	17	45	0	1
2011	4	23	18	0	0	1
2011	4	23	18	15	0	1
2011	4	23	18	30	0	1
2011	4	23	18	45	0	1
2011	4	23	19	0	0	1
2011	4	23	19	15	0	1
2011	4	23	19	30	0	1
2011	4	23	19	45	0	1
2011	4	23	20	0	0	1
2011	4	23	20	15	0	1
2011	4	23	20	30	0	1
2011	4	23	20	45	0	1
2011	4	23	21	0	0	1
2011	4	23	21	15	0	1
2011	4	23	21	30	0	1
2011	4	23	21	45	0	1
2011	4	23	22	0	0	1
2011	4	23	22	15	0	1
2011	4	23	22	30	0	1
2011	4	23	22	45	0	1
2011	4	23	23	0	0	1
2011	4	23	23	15	0	1
2011	4	23	23	30	0	1
2011	4	23	23	45	0	1
2011	4	24	0	0	0	1
2011	4	24	0	15	0	1
2011	4	24	0	30	0	1
2011	4	24	0	45	0	1
2011	4	24	1	0	0	1
2011	4	24	1	15	0	1
2011	4	24	1	30	0	1
2011	4	24	1	45	0	1
2011	4	24	2	0	0	1
2011	4	24	2	15	0	1
2011	4	24	2	30	0	1
2011	4	24	2	45	0	1
2011	4	24	3	0	0	1
2011	4	24	3	15	0	1
2011	4	24	3	30	0	1
2011	4	24	3	45	0	1
2011	4	24	4	0	0	1
2011	4	24	4	15	0	1
2011	4	24	4	30	0	1
2011	4	24	4	45	0	1
2011	4	24	5	0	0	1
2011	4	24	5	15	0	1
2011	4	24	5	30	0	1
2011	4	24	5	45	0	1
2011	4	24	6	0	0	1
2011	4	24	6	15	0	1
2011	4	24	6	30	0	1
2011	4	24	6	45	0	1
2011	4	24	7	0	0	1
2011	4	24	7	15	0	1
2011	4	24	7	30	0	1
2011	4	24	7	45	0	1
2011	4	24	8	0	0	1
2011	4	24	8	15	0	1
2011	4	24	8	30	0	1
2011	4	24	8	45	0	1
2011	4	24	9	0	0	1
2011	4	24	9	15	0	1
2011	4	24	9	30	0	1
2011	4	24	9	45	0	1
2011	4	24	10	0	0	1
2011	4	24	10	15	0	1
2011	4	24	10	30	0	1
2011	4	24	10	45	0	1
2011	4	24	11	0	0	1
2011	4	24	11	15	0	1
2011	4	24	11	30	0	1
2011	4	24	11	45	0	1
2011	4	24	12	0	0	1
2011	4	24	12	15	0	1
2011	4	24	12	30	0	1
2011	4	24	12	45	0	1
2011	4	24	13	0	0	1
2011	4	24	13	15	0	1
2011	4	24	13	30	0	1
2011	4	24	13	45	0	1
2011	4	24	14	0	0	1
2011	4	24	14	15	0	1
2011	4	24	14	30	0	1
2011	4	24	14	45	0	1
2011	4	24	15	0	0	1
2011	4	24	15	15	0	1
2011	4	24	15	30	0	1
2011	4	24	15	45	0	1
2011	4	24	16	0	0	1
2011	4	24	16	15	0	1
2011	4	24	16	30	0	1
2011	4	24	16	45	0	1
2011	4	24	17	0	0	1
2011	4	24	17	15	0	1
2011	4	24	17	30	0	1
2011	4	24	17	45	0	1
2011	4	24	18	0	0	1
2011	4	24	18	15	0	1
2011	4	24	18	30	0	1
2011	4	24	18	45	0	1
2011	4	24	19	0	0	1
2011	4	24	19	15	0	1
2011	4	24	19	30	0	1
2011	4	24	19	45	0	1
2011	4	24	20	0	0	1
2011	4	24	20	15	0	1
2011	4	24	20	30	0	1
2011	4	24	20	45	0	1
2011	4	24	21	0	0	1
2011	4	24	21	15	0	1
2011	4	24	21	30	0	1
2011	4	24	21	45	0	1
2011	4	24	22	0	0	1
2011	4	24	22	15	0	1
2011	4	24	22	30	0	1
2011	4	24	22	45	0	1
2011	4	24	23	0	0	1
2011	4	24	23	15	0	1
2011	4	24	23	30	0	1
2011	4	24	23	45	0	1
2011	4	25	0	0	0	1
2011	4	25	0	15	0	1
2011	4	25	0	30	0	1
2011	4	25	0	45	0	1
2011	4	25	1	0	0	1
2011	4	25	1	15	0	1
2011	4	25	1	30	0	1
2011	4	25	1	45	0	1
2011	4	25	2	0	0	1
2011	4	25	2	15	0	1
2011	4	25	2	30	0	1
2011	4	25	2	45	0	1
2011	4	25	3	0	0	1
2011	4	25	3	15	0	1
2011	4	25	3	30	0	1
2011	4	25	3	45	0	1
2011	4	25	4	0	0	1
2011	4	25	4	15	0	1
2011	4	25	4	30	0	1
2011	4	25	4	45	0	1
2011	4	25	5	0	0	1
2011	4	25	5	15	0	1
2011	4	25	5	30	0	1
2011	4	25	5	45	0	1
2011	4	25	6	0	0	1
2011	4	25	6	15	0	1
2011	4	25	6	30	0	1
2011	4	25	6	45	0	1
2011	4	25	7	0	0	1
2011	4	25	7	15	0	1
2011	4	25	7	30	0	1
2011	4	25	7	45	0	1
2011	4	25	8	0	0	1
2011	4	25	8	15	0	1
2011	4	25	8	30	0	1
2011	4	25	8	45	0	1
2011	4	25	9	0	0	1
2011	4	25	9	15	0	1
2011	4	25	9	30	0	1
2011	4	25	9	45	0	1
2011	4	25	10	0	0	1
2011	4	25	10	15	0	1
2011	4	25	10	30	0	1
2011	4	25	10	45	0	1
2011	4	25	11	0	0	1
2011	4	25	11	15	0	1
2011	4	25	11	30	0	1
2011	4	25	11	45	0	1
2011	4	25	12	0	0	1
2011	4	25	12	15	0	1
2011	4	25	12	30	0	1
2011	4	25	12	45	0	1
2011	4	25	13	0	0	1
2011	4	25	13	15	0	1
2011	4	25	13	30	0	1
2011	4	25	13	45	0	1
2011	4	25	14	0	0	1
2011	4	25	14	15	0	1
2011	4	25	14	30	0	1
2011	4	25	14	45	0	1
2011	4	25	15	0	0	1
2011	4	25	15	15	0	1
2011	4	25	15	30	0	1
2011	4	25	15	45	0	1
2011	4	25	16	0	0	1
2011	4	25	16	15	0	1
2011	4	25	16	30	0	1
2011	4	25	16	45	0	1
2011	4	25	17	0	0	1
2011	4	25	17	15	0	1
2011	4	25	17	30	0	1
2011	4	25	17	45	0	1
2011	4	25	18	0	0	1
2011	4	25	18	15	0	1
2011	4	25	18	30	0	1
2011	4	25	18	45	0	1
2011	4	25	19	0	0	1
2011	4	25	19	15	0	1
2011	4	25	19	30	0	1
2011	4	25	19	45	0	1
2011	4	25	20	0	0	1
2011	4	25	20	15	0	1
2011	4	25	20	30	0	1
2011	4	25	20	45	0	1
2011	4	25	21	0	0	1
2011	4	25	21	15	0	1
2011	4	25	21	30	0	1
2011	4	25	21	45	0	1
2011	4	25	22	0	0	1
2011	4	25	22	15	0	1
2011	4	25	22	30	0	1
2011	4	25	22	45	0	1
2011	4	25	23	0	0	1
2011	4	25	23	15	0	1
2011	4	25	23	30	0	1
2011	4	25	23	45	0	1
2011	4	26	0	0	0	1
2011	4	26	0	15	0	1
2011	4	26	0	30	0	1
2011	4	26	0	45	0	1
2011	4	26	1	0	0	1
2011	4	26	1	15	0	1
2011	4	26	1	30	0	1
2011	4	26	1	45	0	1
2011	4	26	2	0	0	1
2011	4	26	2	15	0	1
2011	4	26	2	30	0	1
2011	4	26	2	45	0	1
2011	4	26	3	0	0	1
2011	4	26	3	15	0	1
2011	4	26	3	30	0	1
2011	4	26	3	45	0	1
2011	4	26	4	0	0	1
2011	4	26	4	15	0	1
2011	4	26	4	30	0	1
2011	4	26	4	45	0	1
2011	4	26	5	0	0	1
2011	4	26	5	15	0	1
2011	4	26	5	30	0	1
2011	4	26	5	45	0	1
2011	4	26	6	0	0	1
2011	4	26	6	15	0	1
2011	4	26	6	30	0	1
2011	4	26	6	45	0	1
2011	4	26	7	0	0	1
2011	4	26	7	15	0	1
2011	4	26	7	30	0	1
2011	4	26	7	45	0	1
2011	4	26	8	0	0	1
2011	4	26	8	15	0	1
2011	4	26	8	30	0	1
2011	4	26	8	45	0	1
2011	4	26	9	0	0	1
2011	4	26	9	15	0	1
2011	4	26	9	30	0	1
2011	4	26	9	45	0	1
2011	4	26	10	0	0	1
2011	4	26	10	15	0	1
2011	4	26	10	30	0	1
2011	4	26	10	45	0	1
2011	4	26	11	0	0	1
2011	4	26	11	15	0	1
2011	4	26	11	30	0	1
2011	4	26	11	45	0	1
2011	4	26	12	0	0	1
2011	4	26	12	15	0	1
2011	4	26	12	30	0	1
2011	4	26	12	45	0	1
2011	4	26	13	0	0	1
2011	4	26	13	15	0	1
2011	4	26	13	30	0	1
2011	4	26	13	45	0	1
2011	4	26	14	0	0	1
2011	4	26	14	15	0	1
2011	4	26	14	30	0	1
2011	4	26	14	45	0	1
2011	4	26	15	0	0	1
2011	4	26	15	15	0	1
2011	4	26	15	30	0	1
2011	4	26	15	45	0	1
2011	4	26	16	0	0	1
2011	4	26	16	15	0	1
2011	4	26	16	30	0	1
2011	4	26	16	45	0	1
2011	4	26	17	0	0	1
2011	4	26	17	15	0	1
2011	4	26	17	30	0	1
2011	4	26	17	45	0	1
2011	4	26	18	0	0	1
2011	4	26	18	15	0	1
2011	4	26	18	30	0	1
2011	4	26	18	45	0	1
2011	4	26	19	0	0	1
2011	4	26	19	15	0	1
2011	4	26	19	30	0	1
2011	4	26	19	45	0	1
2011	4	26	20	0	0	1
2011	4	26	20	15	0	1
2011	4	26	20	30	0	1
2011	4	26	20	45	0	1
2011	4	26	21	0	0	1
2011	4	26	21	15	0	1
2011	4	26	21	30	0	1
2011	4	26	21	45	0	1
2011	4	26	22	0	0	1
2011	4	26	22	15	0	1
2011	4	26	22	30	0	1
2011	4	26	22	45	0	1
2011	4	26	23	0	0	1
2011	4	26	23	15	0	1
2011	4	26	23	30	0	1
2011	4	26	23	45	0	1
2011	4	27	0	0	0	1
2011	4	27	0	15	0	1
2011	4	27	0	30	0	1
2011	4	27	0	45	0	1
2011	4	27	1	0	0	1
2011	4	27	1	15	0	1
2011	4	27	1	30	0	1
2011	4	27	1	45	0	1
2011	4	27	2	0	0	1
2011	4	27	2	15	0	1
2011	4	27	2	30	0	1
2011	4	27	2	45	0	1
2011	4	27	3	0	0	1
2011	4	27	3	15	0	1
2011	4	27	3	30	0	1
2011	4	27	3	45	0	1
2011	4	27	4	0	0	1
2011	4	27	4	15	0	1
2011	4	27	4	30	0	1
2011	4	27	4	45	0	1
2011	4	27	5	0	0	1
2011	4	27	5	15	0	1
2011	4	27	5	30	0	1
2011	4	27	5	45	0	1
2011	4	27	6	0	0	1
2011	4	27	6	15	0	1
2011	4	27	6	30	0	1
2011	4	27	6	45	0	1
2011	4	27	7	0	0	1
2011	4	27	7	15	0	1
2011	4	27	7	30	0	1
2011	4	27	7	45	0	1
2011	4	27	8	0	0	1
2011	4	27	8	15	0	1
2011	4	27	8	30	0	1
2011	4	27	8	45	0	1
2011	4	27	9	0	0	1
2011	4	27	9	15	0	1
2011	4	27	9	30	0	1
2011	4	27	9	45	0	1
2011	4	27	10	0	0	1
2011	4	27	10	15	0	1
2011	4	27	10	30	0	1
2011	4	27	10	45	0	1
2011	4	27	11	0	0	1
2011	4	27	11	15	0	1
2011	4	27	11	30	0	1
2011	4	27	11	45	0	1
2011	4	27	12	0	0	1
2011	4	27	12	15	0	1
2011	4	27	12	30	0	1
2011	4	27	12	45	0	1
2011	4	27	13	0	0	1
2011	4	27	13	15	0	1
2011	4	27	13	30	0	1
2011	4	27	13	45	0	1
2011	4	27	14	0	0	1
2011	4	27	14	15	0	1
2011	4	27	14	30	0	1
2011	4	27	14	45	0	1
2011	4	27	15	0	0	1
2011	4	27	15	15	0	1
2011	4	27	15	30	0	1
2011	4	27	15	45	0	1
2011	4	27	16	0	0	1
2011	4	27	16	15	0	1
2011	4	27	16	30	0	1
2011	4	27	16	45	0	1
2011	4	27	17	0	0	1
2011	4	27	17	15	0	1
2011	4	27	17	30	0	1
2011	4	27	17	45	0	1
2011	4	27	18	0	0	1
2011	4	27	18	15	0	1
2011	4	27	18	30	0	1
2011	4	27	18	45	0	1
2011	4	27	19	0	0	1
2011	4	27	19	15	0	1
2011	4	27	19	30	0	1
2011	4	27	19	45	0	1
2011	4	27	20	0	0	1
2011	4	27	20	15	0	1
2011	4	27	20	30	0	1
2011	4	27	20	45	0	1
2011	4	27	21	0	0	1
2011	4	27	21	15	0	1
2011	4	27	21	30	0	1
2011	4	27	21	45	0	1
2011	4	27	22	0	0	1
2011	4	27	22	15	0	1
2011	4	27	22	30	0	1
2011	4	27	22	45	0	1
2011	4	27	23	0	0	1
2011	4	27	23	15	0	1
2011	4	27	23	30	0	1
2011	4	27	23	45	0	1
2011	4	28	0	0	0	1
2011	4	28	0	15	0	1
2011	4	28	0	30	0	1
2011	4	28	0	45	0	1
2011	4	28	1	0	0	1
2011	4	28	1	15	0	1
2011	4	28	1	30	0	1
2011	4	28	1	45	0	1
2011	4	28	2	0	0	1
2011	4	28	2	15	0	1
2011	4	28	2	30	0	1
2011	4	28	2	45	0	1
2011	4	28	3	0	0	1
2011	4	28	3	15	0	1
2011	4	28	3	30	0	1
2011	4	28	3	45	0	1
2011	4	28	4	0	0	1
2011	4	28	4	15	0	1
2011	4	28	4	30	0	1
2011	4	28	4	45	0	1
2011	4	28	5	0	0	1
2011	4	28	5	15	0	1
2011	4	28	5	30	0	1
2011	4	28	5	45	0	1
2011	4	28	6	0	0	1
2011	4	28	6	15	0	1
2011	4	28	6	30	0	1
2011	4	28	6	45	0	1
2011	4	28	7	0	0	1
2011	4	28	7	15	0	1
2011	4	28	7	30	0	1
2011	4	28	7	45	0	1
2011	4	28	8	0	0	1
2011	4	28	8	15	0	1
2011	4	28	8	30	0	1
2011	4	28	8	45	0	1
2011	4	28	9	0	0	1
2011	4	28	9	15	0	1
2011	4	28	9	30	0	1
2011	4	28	9	45	0	1
2011	4	28	10	0	0	1
2011	4	28	10	15	0	1
2011	4	28	10	30	0	1
2011	4	28	10	45	0	1
2011	4	28	11	0	0	1
2011	4	28	11	15	0	1
2011	4	28	11	30	0	1
2011	4	28	11	45	0	1
2011	4	28	12	0	0	1
2011	4	28	12	15	0	1
2011	4	28	12	30	0	1
2011	4	28	12	45	0	1
2011	4	28	13	0	0	1
2011	4	28	13	15	0	1
2011	4	28	13	30	0	1
2011	4	28	13	45	0	1
2011	4	28	14	0	0	1
2011	4	28	14	15	0	1
2011	4	28	14	30	0	1
2011	4	28	14	45	0	1
2011	4	28	15	0	0	1
2011	4	28	15	15	0	1
2011	4	28	15	30	0	1
2011	4	28	15	45	0	1
2011	4	28	16	0	0	1
2011	4	28	16	15	0	1
2011	4	28	16	30	0	1
2011	4	28	16	45	0	1
2011	4	28	17	0	0	1
2011	4	28	17	15	0	1
2011	4	28	17	30	0	1
2011	4	28	17	45	0	1
2011	4	28	18	0	0	1
2011	4	28	18	15	0	1
2011	4	28	18	30	0	1
2011	4	28	18	45	0	1
2011	4	28	19	0	0	1
2011	4	28	19	15	0	1
2011	4	28	19	30	0	1
2011	4	28	19	45	0	1
2011	4	28	20	0	0	1
2011	4	28	20	15	0	1
2011	4	28	20	30	0	1
2011	4	28	20	45	0	1
2011	4	28	21	0	0	1
2011	4	28	21	15	0	1
2011	4	28	21	30	0	1
2011	4	28	21	45	0	1
2011	4	28	22	0	0	1
2011	4	28	22	15	0	1
2011	4	28	22	30	0	1
2011	4	28	22	45	0	1
2011	4	28	23	0	0	1
2011	4	28	23	15	0	1
2011	4	28	23	30	0	1
2011	4	28	23	45	0	1
2011	4	29	0	0	0	1
2011	4	29	0	15	0	1
2011	4	29	0	30	0	1
2011	4	29	0	45	0	1
2011	4	29	1	0	0	1
2011	4	29	1	15	0	1
2011	4	29	1	30	0	1
2011	4	29	1	45	0	1
2011	4	29	2	0	0	1
2011	4	29	2	15	0	1
2011	4	29	2	30	0	1
2011	4	29	2	45	0	1
2011	4	29	3	0	0	1
2011	4	29	3	15	0	1
2011	4	29	3	30	0	1
2011	4	29	3	45	0	1
2011	4	29	4	0	0	1
2011	4	29	4	15	0	1
2011	4	29	4	30	0	1
2011	4	29	4	45	0	1
2011	4	29	5	0	0	1
2011	4	29	5	15	0	1
2011	4	29	5	30	0	1
2011	4	29	5	45	0	1
2011	4	29	6	0	0	1
2011	4	29	6	15	0	1
2011	4	29	6	30	0	1
2011	4	29	6	45	0	1
2011	4	29	7	0	0	1
2011	4	29	7	15	0	1
2011	4	29	7	30	0	1
2011	4	29	7	45	0	1
2011	4	29	8	0	0	1
2011	4	29	8	15	0	1
2011	4	29	8	30	0	1
2011	4	29	8	45	0	1
2011	4	29	9	0	0	1
2011	4	29	9	15	0	1
2011	4	29	9	30	0	1
2011	4	29	9	45	0	1
2011	4	29	10	0	0	1
2011	4	29	10	15	0	1
2011	4	29	10	30	0	1
2011	4	29	10	45	0	1
2011	4	29	11	0	0	1
2011	4	29	11	15	0	1
2011	4	29	11	30	0	1
2011	4	29	11	45	0	1
2011	4	29	12	0	0	1
2011	4	29	12	15	0	1
2011	4	29	12	30	0	1
2011	4	29	12	45	0	1
2011	4	29	13	0	0	1
2011	4	29	13	15	0	1
2011	4	29	13	30	0	1
2011	4	29	13	45	0	1
2011	4	29	14	0	0	1
2011	4	29	14	15	0	1
2011	4	29	14	30	0	1
2011	4	29	14	45	0	1
2011	4	29	15	0	0	1
2011	4	29	15	15	0	1
2011	4	29	15	30	0	1
2011	4	29	15	45	0	1
2011	4	29	16	0	0	1
2011	4	29	16	15	0	1
2011	4	29	16	30	0	1
2011	4	29	16	45	0	1
2011	4	29	17	0	0	1
2011	4	29	17	15	0	1
2011	4	29	17	30	0	1
2011	4	29	17	45	0	1
2011	4	29	18	0	0	1
2011	4	29	18	15	0	1
2011	4	29	18	30	0	1
2011	4	29	18	45	0	1
2011	4	29	19	0	0	1
2011	4	29	19	15	0	1
2011	4	29	19	30	0	1
2011	4	29	19	45	0	1
2011	4	29	20	0	0	1
2011	4	29	20	15	0	1
2011	4	29	20	30	0	1
2011	4	29	20	45	0	1
2011	4	29	21	0	0	1
2011	4	29	21	15	0	1
2011	4	29	21	30	0	1
2011	4	29	21	45	0	1
2011	4	29	22	0	0	1
2011	4	29	22	15	0	1
2011	4	29	22	30	0	1
2011	4	29	22	45	0	1
2011	4	29	23	0	0	1
2011	4	29	23	15	0	1
2011	4	29	23	30	0	1
2011	4	29	23	45	0	1
2011	4	30	0	0	0	1
2011	4	30	0	15	0	1
2011	4	30	0	30	0	1
2011	4	30	0	45	0	1
2011	4	30	1	0	0	1
2011	4	30	1	15	0	1
2011	4	30	1	30	0	1
2011	4	30	1	45	0	1
2011	4	30	2	0	0	1
2011	4	30	2	15	0	1
2011	4	30	2	30	0	1
2011	4	30	2	45	0	1
2011	4	30	3	0	0	1
2011	4	30	3	15	0	1
2011	4	30	3	30	0	1
2011	4	30	3	45	0	1
2011	4	30	4	0	0	1
2011	4	30	4	15	0	1
2011	4	30	4	30	0	1
2011	4	30	4	45	0	1
2011	4	30	5	0	0	1
2011	4	30	5	15	0	1
2011	4	30	5	30	0	1
2011	4	30	5	45	0	1
2011	4	30	6	0	0	1
2011	4	30	6	15	0	1
2011	4	30	6	30	0	1
2011	4	30	6	45	0	1
2011	4	30	7	0	0	1
2011	4	30	7	15	0	1
2011	4	30	7	30	0	1
2011	4	30	7	45	0	1
2011	4	30	8	0	0	1
2011	4	30	8	15	0	1
2011	4	30	8	30	0	1
2011	4	30	8	45	0	1
2011	4	30	9	0	0	1
2011	4	30	9	15	0	1
2011	4	30	9	30	0	1
2011	4	30	9	45	0	1
2011	4	30	10	0	0	1
2011	4	30	10	15	0	1
2011	4	30	10	30	0	1
2011	4	30	10	45	0	1
2011	4	30	11	0	0	1
2011	4	30	11	15	0	1
2011	4	30	11	30	0	1
2011	4	30	11	45	0	1
2011	4	30	12	0	0	1
2011	4	30	12	15	0	1
2011	4	30	12	30	0	1
2011	4	30	12	45	0	1
2011	4	30	13	0	0	1
2011	4	30	13	15	0	1
2011	4	30	13	30	0	1
2011	4	30	13	45	0	1
2011	4	30	14	0	0	1
2011	4	30	14	15	0	1
2011	4	30	14	30	0	1
2011	4	30	14	45	0	1
2011	4	30	15	0	0	1
2011	4	30	15	15	0	1
2011	4	30	15	30	0	1
2011	4	30	15	45	0	1
2011	4	30	16	0	0	1
2011	4	30	16	15	0	1
2011	4	30	16	30	0	1
2011	4	30	16	45	0	1
2011	4	30	17	0	0	1
2011	4	30	17	15	0	1
2011	4	30	17	30	0	1
2011	4	30	17	45	0	1
2011	4	30	18	0	0	1
2011	4	30	18	15	0	1
2011	4	30	18	30	0	1
2011	4	30	18	45	0	1
2011	4	30	19	0	0	1
2011	4	30	19	15	0	1
2011	4	30	19	30	0	1
2011	4	30	19	45	0	1
2011	4	30	20	0	0	1
2011	4	30	20	15	0	1
2011	4	30	20	30	0	1
2011	4	30	20	45	0	1
2011	4	30	21	0	0	1
2011	4	30	21	15	0	1
2011	4	30	21	30	0	1
2011	4	30	21	45	0	1
2011	4	30	22	0	0	1
2011	4	30	22	15	0	1
2011	4	30	22	30	0	1
2011	4	30	22	45	0	1
2011	4	30	23	0	0	1
2011	4	30	23	15	0	1
2011	4	30	23	30	0	1
2011	4	30	23	45	0	1

